>> circ=fourier_3bit

circ = 

  3×6 string array

    "I"    "I"    "."    "I"    "."    "H"
    "I"    "."    ""     "H"    "S"    "I"
    "H"    "S"    "T"    "I"    "I"    "I"

>> dft=fourier_3bit_mtx

dft =

   0.3536 + 0.0000i   0.3536 + 0.0000i   0.3536 + 0.0000i   0.3536 + 0.0000i   0.3536 + 0.0000i   0.3536 + 0.0000i   0.3536 + 0.0000i   0.3536 + 0.0000i
   0.3536 + 0.0000i   0.2500 + 0.2500i   0.0000 + 0.3536i  -0.2500 + 0.2500i  -0.3536 + 0.0000i  -0.2500 - 0.2500i   0.0000 - 0.3536i   0.2500 - 0.2500i
   0.3536 + 0.0000i   0.0000 + 0.3536i  -0.3536 + 0.0000i   0.0000 - 0.3536i   0.3536 + 0.0000i   0.0000 + 0.3536i  -0.3536 + 0.0000i   0.0000 - 0.3536i
   0.3536 + 0.0000i  -0.2500 + 0.2500i   0.0000 - 0.3536i   0.2500 + 0.2500i  -0.3536 + 0.0000i   0.2500 - 0.2500i   0.0000 + 0.3536i  -0.2500 - 0.2500i
   0.3536 + 0.0000i  -0.3536 + 0.0000i   0.3536 + 0.0000i  -0.3536 + 0.0000i   0.3536 + 0.0000i  -0.3536 + 0.0000i   0.3536 + 0.0000i  -0.3536 + 0.0000i
   0.3536 + 0.0000i  -0.2500 - 0.2500i   0.0000 + 0.3536i   0.2500 - 0.2500i  -0.3536 + 0.0000i   0.2500 + 0.2500i   0.0000 - 0.3536i  -0.2500 + 0.2500i
   0.3536 + 0.0000i   0.0000 - 0.3536i  -0.3536 + 0.0000i   0.0000 + 0.3536i   0.3536 + 0.0000i   0.0000 - 0.3536i  -0.3536 + 0.0000i   0.0000 + 0.3536i
   0.3536 + 0.0000i   0.2500 - 0.2500i   0.0000 - 0.3536i  -0.2500 - 0.2500i  -0.3536 + 0.0000i  -0.2500 + 0.2500i   0.0000 + 0.3536i   0.2500 + 0.2500i

>> regs=initializeRegisters(v1,v2,v3)

regs =

   0.0000 - 0.2804i
  -0.2349 + 0.0000i
   0.0000 + 0.5541i
   0.4643 + 0.0000i
   0.2029 + 0.0000i
   0.0000 - 0.1700i
  -0.4009 + 0.0000i
   0.0000 + 0.3359i

>> regs_rev=initializeRegisters(v3,v2,v1)

regs_rev =

   0.0000 - 0.2804i
   0.2029 + 0.0000i
   0.0000 + 0.5541i
  -0.4009 + 0.0000i
  -0.2349 + 0.0000i
   0.0000 - 0.1700i
   0.4643 + 0.0000i
   0.0000 + 0.3359i

>> dft*regs

ans =

   0.0111 + 0.1555i
  -0.4009 + 0.2265i
   0.3923 - 0.5422i
   0.3405 - 0.3100i
  -0.1511 + 0.0381i
  -0.1343 - 0.1412i
   0.0346 - 0.0478i
  -0.0921 - 0.1717i

>> quantumComputer(circ,[1 2 3],regs_rev)

ans =

   0.0111 + 0.1555i
  -0.4009 + 0.2265i
   0.3923 - 0.5422i
   0.3405 - 0.3100i
  -0.1511 + 0.0381i
  -0.1343 - 0.1412i
   0.0346 - 0.0478i
  -0.0921 - 0.1717i